chrom	chromStart	chromEnd	name	score	strand	thickStart	thickEnd	itemRgb
chr2	217799588	218033982	ENSG00000079308	-0.365369059805889	-	217799588	218033982	166,0,0
chr5	179110853	179345461	ENSG00000087116	-0.638590431391769	-	179110853	179345461	166,0,0
chr7	116524994	116561179	ENSG00000105974	-0.391182336790983	+	116524994	116561179	166,0,0
chr10	16590611	16817463	ENSG00000148484	-0.381962696463288	-	16590611	16817463	166,0,0
chr2	237627587	237813682	ENSG00000124831	-0.303395911840473	+	237627587	237813682	166,0,0
chr5	136975298	137598379	ENSG00000152377	-0.65557845381482	-	136975298	137598379	166,0,0
chr8	79611117	79666158	ENSG00000104435	-0.565066116882038	+	79611117	79666158	166,0,0
chr2	237324003	237414328	ENSG00000163359	-0.390915216240205	-	237324003	237414328	166,0,0
chr5	150113839	150155872	ENSG00000113721	-0.429418561469233	-	150113839	150155872	166,0,0
chr20	61252261	61940617	ENSG00000179242	-2.52858521432393	+	61252261	61940617	166,0,0
chr11	122655722	122814473	ENSG00000154127	-1.40875850149299	+	122655722	122814473	166,0,0
chr9	121815674	122093606	ENSG00000175764	-0.941055745410252	-	121815674	122093606	166,0,0
chr16	88715338	88785220	ENSG00000103335	-0.484076448438869	-	88715338	88785220	166,0,0
chr1	13892792	15118043	ENSG00000189337	-0.784122855187501	+	13892792	15118043	166,0,0
chr20	38419638	38435409	ENSG00000196756	-0.496460344159581	-	38419638	38435409	166,0,0
chr22	46762617	47175699	ENSG00000054611	-0.664716821508464	+	46762617	47175699	166,0,0
chr19	11538767	11550323	ENSG00000130176	-0.415183136630206	+	11538767	11550323	166,0,0
chr19	5916139	5978142	ENSG00000031823	-0.336849741063903	-	5916139	5978142	166,0,0
chr8	66126896	66175485	ENSG00000147573	-1.06091043967152	+	66126896	66175485	166,0,0
chr10	124984317	125161170	ENSG00000175029	-0.524217649822738	-	124984317	125161170	166,0,0
chr9	134641803	134844843	ENSG00000130635	-0.525026091593034	+	134641803	134844843	166,0,0
chr16	48538726	48620148	ENSG00000102921	-0.718361080711464	-	48538726	48620148	166,0,0
chr17	63827152	63832026	ENSG00000087191	-0.205482433715413	+	63827152	63832026	166,0,0
chr17	63832081	63843065	ENSG00000108604	-0.512050561410779	-	63832081	63843065	166,0,0
chr19	3314403	3469217	ENSG00000141905	-0.254949944782972	+	3314403	3469217	166,0,0
chr8	37784191	37844896	ENSG00000020181	-0.586966392587542	+	37784191	37844896	166,0,0
chr1	6785454	7769706	ENSG00000171735	-0.319107226215786	+	6785454	7769706	166,0,0
chr1	54225433	54413479	ENSG00000157216	-0.790648045863988	-	54225433	54413479	166,0,0
chr8	100916523	100953388	ENSG00000164924	-0.203937582603429	-	100916523	100953388	166,0,0
chr1	246724409	246768137	ENSG00000143653	-0.502132260957146	+	246724409	246768137	166,0,0
chr9	69427532	69672371	ENSG00000107282	-0.61784939866818	-	69427532	69672371	166,0,0
chr19	9959561	10010504	ENSG00000080573	-0.574579899683931	-	9959561	10010504	166,0,0
chr19	4969113	5153598	ENSG00000127663	-0.469739756117886	+	4969113	5153598	166,0,0
chr5	158695916	159099916	ENSG00000164330	-0.87447061602032	-	158695916	159099916	166,0,0
chr8	115408496	115809673	ENSG00000104447	-0.745928349855568	-	115408496	115809673	166,0,0
chr19	11538767	11550323	ENSG00000130176	-0.415183136630206	+	11538767	11550323	166,0,0
chr1	240489573	240612155	ENSG00000180875	-1.34099586687611	-	240489573	240612155	166,0,0
chr1	46261196	46303616	ENSG00000132128	-0.319452415438037	-	46261196	46303616	166,0,0
chr17	80544819	80966371	ENSG00000141564	-0.407233085188665	+	80544819	80966371	166,0,0
chr1	31652263	31704319	ENSG00000084636	-0.534636754719083	-	31652263	31704319	166,0,0
chr22	24011192	24178628	ENSG00000099991	-0.381154388543497	+	24011192	24178628	166,0,0
chr7	1815793	2233243	ENSG00000002822	-0.670561639006806	-	1815793	2233243	166,0,0
chr1	245749342	246507312	ENSG00000185420	-0.596374803310355	-	245749342	246507312	166,0,0
chr5	168661733	169301139	ENSG00000184347	-0.9652242952568	-	168661733	169301139	166,0,0
chr20	54475593	54651169	ENSG00000101134	-1.13944032466149	+	54475593	54651169	166,0,0
chr20	3753508	3767781	ENSG00000101220	-0.414675514096954	-	3753508	3767781	166,0,0
chr10	126012381	126388477	ENSG00000148848	-1.24796781760231	-	126012381	126388477	166,0,0
chr17	5499427	5619424	ENSG00000091592	-0.476507302284936	-	5499427	5619424	166,0,0
chr19	9835257	9849689	ENSG00000127445	-0.457765247933236	+	9835257	9849689	166,0,0
chr7	101127104	101139247	ENSG00000106366	-0.394878811935751	+	101127104	101139247	166,0,0
chr20	34872146	34927962	ENSG00000131069	-0.47795000492099	+	34872146	34927962	166,0,0
chr17	3860315	3894891	ENSG00000004660	-0.715239242459847	-	3860315	3894891	166,0,0
chr6	169215780	169254050	ENSG00000186340	-0.577723816529409	-	169215780	169254050	166,0,0
chr12	1970772	2697950	ENSG00000151067	-0.952952673617373	+	1970772	2697950	166,0,0
chr2	217799588	218033982	ENSG00000079308	-0.365369059805889	-	217799588	218033982	166,0,0
chr1	160288594	160343566	ENSG00000122218	-0.31002616464261	-	160288594	160343566	166,0,0
chr12	93542022	93571768	ENSG00000246985	-1.03343701963562	-	93542022	93571768	166,0,0
chr12	93569814	93583487	ENSG00000120833	-0.644976004209013	+	93569814	93583487	166,0,0
chr1	53062052	53085501	ENSG00000174348	-0.469173443621152	+	53062052	53085501	166,0,0
chr14	50117130	50231578	ENSG00000100485	-0.502473056446384	-	50117130	50231578	166,0,0
chr18	48539031	48863217	ENSG00000134030	-0.602006659122224	+	48539031	48863217	166,0,0
chr8	96645242	97149654	ENSG00000104324	-0.833260630050331	+	96645242	97149654	166,0,0
chr10	69801880	69964275	ENSG00000197467	-0.433866990903342	+	69801880	69964275	166,0,0
chr14	99971449	100144236	ENSG00000196405	-0.718151455677027	+	99971449	100144236	166,0,0
chr12	1970772	2697950	ENSG00000151067	-0.952952673617373	+	1970772	2697950	166,0,0
chr10	121989163	122254545	ENSG00000138162	-0.61748698774154	+	121989163	122254545	166,0,0
chr11	68261338	68272001	ENSG00000171067	-0.287096545986911	-	68261338	68272001	166,0,0
chr5	177483394	177497606	ENSG00000196923	-0.261848036962342	-	177483394	177497606	166,0,0
chr1	204190341	204196491	ENSG00000170498	-0.660262631768266	-	204190341	204196491	166,0,0
chr15	80404350	80597933	ENSG00000172379	-0.510494793479478	+	80404350	80597933	166,0,0
chr3	13549125	13638422	ENSG00000163520	-0.631770816527359	+	13549125	13638422	166,0,0
chr11	73308276	73369388	ENSG00000110237	-0.337935595089203	+	73308276	73369388	166,0,0
chr17	81244811	81295547	ENSG00000157637	-0.572908415933436	-	81244811	81295547	166,0,0
chr1	164555584	164899296	ENSG00000185630	-0.532243980990972	+	164555584	164899296	166,0,0
chr8	117794490	118111826	ENSG00000182197	-1.80062275409311	-	117794490	118111826	166,0,0
chr7	116524994	116561179	ENSG00000105974	-0.391182336790983	+	116524994	116561179	166,0,0
chr17	19215615	19336715	ENSG00000072134	-0.398749312505874	+	19215615	19336715	166,0,0
chr3	123610049	123884332	ENSG00000065534	-1.37080513562837	-	123610049	123884332	166,0,0
chr19	14087851	14091036	ENSG00000141858	-0.452662033872282	-	14087851	14091036	166,0,0
chr1	164555584	164899296	ENSG00000185630	-0.532243980990972	+	164555584	164899296	166,0,0
chr11	61873519	61892051	ENSG00000221968	-0.493012680993828	-	61873519	61892051	166,0,0
chr1	108560089	108644900	ENSG00000162636	-0.591669965294744	+	108560089	108644900	166,0,0
chr1	77282019	77559966	ENSG00000154027	-0.611298449897019	+	77282019	77559966	166,0,0
chr17	9910606	10198606	ENSG00000007237	-1.70756390972003	-	9910606	10198606	166,0,0
chr10	33177492	33336262	ENSG00000099250	-0.239154173314365	-	33177492	33336262	166,0,0
chr1	153728050	153774808	ENSG00000143624	-0.407551548357884	+	153728050	153774808	166,0,0
chr7	76302673	76304295	ENSG00000106211	-0.316778295817864	+	76302673	76304295	166,0,0
chr2	237324003	237414328	ENSG00000163359	-0.390915216240205	-	237324003	237414328	166,0,0
chr17	77280569	77500596	ENSG00000184640	-0.430876560242829	+	77280569	77500596	166,0,0
chr1	13892792	15118043	ENSG00000189337	-0.784122855187501	+	13892792	15118043	166,0,0
chr8	103140713	103230305	ENSG00000164929	-1.01301951773819	+	103140713	103230305	166,0,0
chr8	41261962	41309473	ENSG00000104332	-0.882207792195179	-	41261962	41309473	166,0,0
chr16	56361452	56425545	ENSG00000159461	-0.704448803354536	-	56361452	56425545	166,0,0
chr5	150113839	150155872	ENSG00000113721	-0.429418561469233	-	150113839	150155872	166,0,0
chr2	24819169	24920237	ENSG00000138031	-0.645130261724226	-	24819169	24920237	166,0,0
chr11	12377563	12535356	ENSG00000197702	-0.457243022959117	+	12377563	12535356	166,0,0
chr1	20633458	20651511	ENSG00000158828	-0.707760625057888	+	20633458	20651511	166,0,0
chr19	1407569	1435687	ENSG00000071626	-0.582704369173003	+	1407569	1435687	166,0,0
chr3	11272309	11557665	ENSG00000197548	-0.474891525894044	+	11272309	11557665	166,0,0
chr5	321714	438291	ENSG00000063438	-0.38363469091126	+	321714	438291	166,0,0
chr10	129467190	129770983	ENSG00000170430	-0.374129014677903	+	129467190	129770983	166,0,0
chr12	8637346	8662888	ENSG00000197614	-0.571197508226789	-	8637346	8662888	166,0,0
chr10	79068966	79316519	ENSG00000108175	-0.351206350121892	+	79068966	79316519	166,0,0
chr19	40665905	40690972	ENSG00000105245	-0.707911472081166	-	40665905	40690972	166,0,0
chr5	172834251	172952792	ENSG00000113719	-0.878292340461046	+	172834251	172952792	166,0,0
chr8	27633868	27676776	ENSG00000168077	-0.55108720088801	+	27633868	27676776	166,0,0
chr17	6451263	6556555	ENSG00000091622	-1.41166645324799	-	6451263	6556555	166,0,0
